epochs: [1, 2, 3, 4, 5, 6, 7, 8, 9, 10, 11, 12, 13, 14, 15, 16, 17, 18, 19, 20]
train_losses: [8.95159301194208, 2.026561395200186, 1.09886072993367, 0.856714809348439, 0.701046104870556, 0.6692063206703555, 0.48819640047667584, 0.35824116108810483, 0.2705722299485317, 0.1785369114839702, 0.15362962506365174, 0.101820764566371, 0.07065420245281066, 0.05186611414583559, 0.03481816093493738, 0.02582059516545325, 0.0159516813608815, 0.012145605071058038, 0.009414284982575592, 0.009138920110700709]
val_losses: [1.3052985268033461, 0.6429750904044073, 0.4224016533664623, 0.37198678913938055, 0.6386875022951966, 0.49171912006527374, 0.42945925543931873, 0.42539304566518066, 0.47256443579567003, 0.4283137637939103, 0.4677442713002997, 0.4724981552348867, 0.4734603065087577, 0.5108131662516293, 0.5097999219210282, 0.6083373343471676, 0.6236261550839449, 0.663093121665275, 0.6868827228742799, 0.6449880402272267]
val_accuracies: [44.70583081438647, 50.372366057738645, 57.74521400096377, 67.91299776580365, 53.76965873746003, 53.68423358303763, 53.857274280457354, 59.797608095676175, 49.95181145135147, 64.36675866298681, 63.48622245586367, 72.23463442414685, 74.67910807377228, 80.13755640250581, 77.44556884391291, 85.83694747448197, 85.67923949708678, 87.0788977964691, 87.82801068909625, 87.46221579708241]
per_class_f1_scores:
  Epoch 1: [0.56435038 0.1950884  0.27625074 0.62915055]
  Epoch 2: [0.60480254 0.25258485 0.3649615  0.70168333]
  Epoch 3: [0.67868883 0.28817979 0.58028578 0.6563503 ]
  Epoch 4: [0.78112151 0.3734955  0.59042553 0.64024641]
  Epoch 5: [0.63644283 0.28182152 0.53745595 0.51933044]
  Epoch 6: [0.6321078  0.2853459  0.52112365 0.5667504 ]
  Epoch 7: [0.6329311  0.29101657 0.53204242 0.56849444]
  Epoch 8: [0.69870952 0.32787239 0.56611776 0.58181818]
  Epoch 9: [0.58101642 0.28235399 0.44992327 0.63479884]
  Epoch 10: [0.74603769 0.353762   0.59734396 0.62327295]
  Epoch 11: [0.73785049 0.35021854 0.5990099  0.59653489]
  Epoch 12: [0.82179095 0.40149355 0.60821281 0.68471868]
  Epoch 13: [0.84147081 0.42662188 0.63047333 0.70589598]
  Epoch 14: [0.88574568 0.48095434 0.6746614  0.73185894]
  Epoch 15: [0.86585795 0.45726831 0.62311956 0.71330978]
  Epoch 16: [0.92732053 0.54462009 0.70686398 0.7812979 ]
  Epoch 17: [0.92687573 0.54134723 0.69027611 0.78994006]
  Epoch 18: [0.93584784 0.55772082 0.71140507 0.80398761]
  Epoch 19: [0.94024564 0.56807298 0.71385685 0.80906237]
  Epoch 20: [0.93809205 0.56150277 0.70620521 0.80833562]
